666
62079240614582783754394375262 466064100162510
129562615387207899650651299518511499972431453152 2193757166684317907889510984238548135841421853663553406716359115128824266363640297767630
721873283425011769161331927449203303831475908295223559661 2087482085038436634849263842625455193394129162725239358
822606159314457649376740066664107567304235970647576460478254784643573906513779 558295552389857431789271042421586415963311418161351400
41672279806769202612993276877772861380461057297671960417194874270500548 47361457168993066234198893110597443580
630681443704684735843917363160453532888179767333947230178604650023403231327352666502521381 8581707320753170455
272544694081028393511354270744181357946346560591173400849044452707411247014195202744741945382 2724138395531627141808869726228990303354907291107509385477099
78403759887170498997485872872852813190 87800705
860165937001884999 50950050787684487056538849808990016011201062602328103087160951954575
62264099517810019171053027705823161580654335549556663186178662190248533968622598476796505381510 957500098162331371170722380653938809830848172431540723973158443524429433342705860154653
39553079428053515213395479024122077597431 666719562814351475007207266122278041
8190747806306357295807226221432364640341003630579259283805160627083237557942999947 76744916622094046
41135546750686321239071287225869194641236396148274191420364960 979536689
11451945 34998126513620776336579805324097686490254536
76682373108623632220830104832667447677907061554798902112618006842731421349496 6669761996706702776507148599186274240531101904371941665634645472818064106496836122
42738503977706962068585513955366561411910700509 30777545876451237843084103310327697571251816049945445076419461422109225538132247003503144012
968550926239754344309433093119685452 457590677
44644097082411008751620120917013497098928260582477730764765668028939021869820087051229617373196 3111134906046223276418225519917220333045
4273790463205787870714757371 53807554660494574364262301096927407154840082531987323785104706447384
90894345454879774880809446842823812546211791688398 878215019514825271092483552583632465167
2512239341689156526880036644578541867921001218070759764540198 144321043365686613681
514347249684116761319485533541234868584673004873124062718162206684745104636333657074557364704585079 69117670
699963631117 61342849910328118337228164495863199305398542363496129157516294715
2417373509961795800551371974542284931593402591082237497784330560174425897066394510 7592498750532628153160329613235
6176161314506433949294175610203810446570150895301320737429749 24309986980408553566085562779189831759548580556924723581750890974
39159950608524577050902713689860705990152136583 488771
932320149190211034310357 434064819
347731663973428641114 274324636270146212821175039342822476
6576611454636755578604987154740899570616299096645408916841437 9294766502794702548076
795858502469346395435570152033184880852120254903668136473677007487672884821333800 13557204276262339089048463893812179190519366591619634
9151455992803057003854927100769997232721133538438 23633026043834728258789026522131416718532
642854533645011432976036321842328533208 6831864596
3722244388638264682375471023891383529150123261629058626940431861334379383829103011 295709952130286613863366376809118609896201359933411758507
8328408380930267171434621681344198138269272490239372756934270800633752891043266315503116845 6470116080881046422730433751519876087606
52008423173508371000 487186714890002864381654603016014924625207309505245521913314938530114934686
92030571706211351803118064671350855824195718845145568367754001086760470951958572020959844 956575371319326
17609722891667213780052583101822 685879
135707864866602653763910968959664455153841422887176687683590659014730236698088716584 2645336915229151607205286112798
6516339052189340060808429891609150003900121175174154118299380495598090324451969596228 25920727994874987441963870754057759941630040730
28923795650809578721351613573160152642219491 179343490772129647673949360422579605166234668752410
59 141163934739996340138883295441315453046411422056269
371125550826356731 14736915
65663777245227863758883741658945403992936458166654552026183098730 85224588381150615137328350257789203853682099070785437265502480422710190512619680323372824262527720
1001464343397926328757201993196018354000560252107972814003334247094715961118628335527149493119 1405320403611239596215375960001
3817058 3116555041477764746947222230218729386002251149734330273428669644894406
527824169483437626232870817086618312 730899132016660149143841624756949
91765072634703146919834512473623919519702372609502 28505641470839944133186025130356319893153138152768196910624879500602927431266744575
653991818134156532165 74430105691122351444707383816485021051710824350696078
8208866660985056350988 8477666
8623781563448696176156226284025517806172439490017845567105500253055862 127366489395864594345590018596931679438469155524050729920771487744697453580043648731825103463
57994660340403264197022327901159860528582 4231695812034372473524684334816551613194599046293767
37721759523148554073239624313650555 54009351958490343759115243069519929176461220466753964498717888892909647782038805
865275345343375383082804103455363112666101730480788190600145804137493223318579667686749 7735551688291547075854414012771747292581302476384981522944443518257
1058215155563617032678041898760585308013881 96517055737365245040815115473387930835620386120
68393400976465515672212598820478407977087825578035477658630807640547465 469816732271156232212298444180826709592941
69991223612076389327249741983051153395879296146278993889279796833162941890604 923332843762634537873169460520174538912
579514003756560177699546 545260389232732239885822602778382000238373568981062676056
527369362847893484395933893 47873246962502270125998149498423121677563933173295
19 400898442785452116071346752
2711812856255712024843177855213216398673400171493077317292935256 19597341555269429314488508860441
945552026810024280278358174799913681883597 891
446921404171261627456503470514930722 964491740804869619959112525517915656922134531692600731915486
90846781135866579399252169745244220028152730380439554982857593938 742077440401664622230528497911927
688115321189522939315204334627078909653763 2461392829045681209497516161154012341725640108340
816390203763898425881204509103226165187476975739439559129142664392802861470143086054198322 6811306430212692738946110309843356689422543924110114827870954509190032489093415448020030025
8817830001100563038852055 678867840526746088334859655972402408482636222030863540
434360385381329684004315160676 2205785282765005889903210
427951109171929771720739793199123018140258460559644617708118240643689706564719605086068892816 39
914312086915512808889871709702385719 637820672874952841
508353123215503919 8584172378489709173
65132462581287371849448160245743478816084324371457491 33047414048927119155608
99160413473097058005316681209644772915383684519339080741891075442636486764 627272480657756953619
274333196578 7121298983779040950324877063554078119128595491608952369388835462
229706682798907523328126671224078179757138928993227059826140748677562475490381624329421048332192060 10005900918173597729302755697590590202493403752656887274063712784
317652801420108170910768817857118193585847858667971147148935669498068552539526433548584577156295 11
295645181536386881358606814158469923 75472745705511029208641145934171618084667310444485441576269
597908066839146702656273237045035945761547583353539368803 10700072749385852885532925725750752070444382087467111325090585782000
44949 3486068493844041829841863239278427245204610217399405582037074818
9287648969611561231644361064040580374362325693737803551 45716133036790535781620118
377244308648127042311329520832461185838614628343794839 6017941532930798522170615332381084991174569550303710073526754075566693251306468731
221210971628514 968181267056565170211418773544
7900147864522231273314493748369371686592966189536860221797743683861612 800739684562705
2571141447708020293384752025505152288524204029 468608273475947685123186608232158018838207912782214724
33105256496544942886768194919 32685659314201740380168949818203681148092622718967083890901823381617418600093990610119101
19330949488200396206018129531156190186346396 14818870271678180761684659332228
8601648915825092372749773117199351416429221923350654543854793648801444388681118273859257 736092072438087855988008513558211831060404202909608720573828
80253433837352461 58100277572456671
576825107581062086774490288991260045575555653081750122360171297594071726 1025008970212574655163889850799113833832876135512349629526795626
7484974507070305487350951616436597286656565518078024239592157827745323179 95267157311827940448617380511520068775726800717871842692664018015014689461543220306765154755659
17308860323765272959205073642924854932985451190588510218592704302797206763083333106 739188680211412233829327653283826837895928281606908143020349751556238940088151063879382418505
340622042155885416 31925553289061767180821589335499513069699715803622606954000
45228419208933047861689554576017752 12374566816406232037794456844562711269871613247462363708304963
4571470731177034480752713129464112279455584380948916187619787298636773241971985778518279457198251 528373482571268029869924743580
17112795286456678457383248028922854 22566442928824319144526925155816064620033815477403088670315898727309
69 3668534894670593873852226240599775751132591540037533877411672760435748999065180855
41744537297744404413690771826189275938659525975536095094178886934627604757266711510219656637342 1068
8511779600 71374259114
6252850405714632637964519523129265442502296959314 1217749282621888
69654515000353583222726349120583748390090047495719183937861849 8332642854892489121404364
94658900752508622002425851415833228010217668522732175872033718060084 235891846041570069483756584685018707
86309871051436112819694 53253165748748758282845194282121466994779765652601987696214548
342 1113091777939247018
73071606332 867658347286725733596094
5039476153188128790586865564104727766591031844635986592268 871343032703016210804394963189266393806097
921159115054898682377205488374576691822350939907336076825654202091473 420834754787394078754196597836428424809297128847634273123818772715105244288065048495800303370651183
943845695280150355608504247195491976457085213250911783217127988078813633375610703881104 116024833835490738219480988320753656
36443063713223835033355220078559316612183527012536083706735880731314 5252972104832016744799592423030775272
789819297636743667827327079913063976095770545823 9255592761706962058046038575699
898626455444366846526814860974343107943417045621594385763951585127811382208 89394237007
8664435625069001099928563593470239804587383283314428 58575
8133724761534686442788073040585618982550736194058439238532800561572739702531037 8921259901923487159880803346593895932944246806522622623169838119912327863645317792964472356
830265453302755152073618641325439667224754951666865457233587 55041813173812349119065757205
15049854127052591922918887094284008113 6273447048182212000216611621737574029745755977299430291385578228820996661480321284405763331375
63799582962285489087840193661849110188386806374573279489055151264493351933880230777748863590 236178423548126142321117995444439257011595
5034476589398854598635366717277291638408357 6627137782341088456669497895174438441139486706553339280161808461207521781
49292823203694493954162905686158299492944 3036429506980885481552763365200425260420218218756023419847
5 4411801241451681539672083843422986266
16579450909571857690 6322104780886676046948739588398643853452452312
175372677752868398045769514835295742111009205136 6606376802738143897929
43454016 614100205
2228217356416753476230670993400922765490333129766302379 16012011460016141475882775791409200603969981895954433600489541491673971969248943306679639705
2122631727664450990679762654160872248332209646645925013578904004420253 58366025604
2101081053 21751236930792948900671
271524634468727044965665683592649703268624698393911690358730994064 68316572757888
3828627148098851 384
2039937031735518542343239529297510436239504 1781223899248789177719165596113283335814750728948639745306117457902503188273069042928678401378160
495199841752393580486500201816227937833909148518787537579870712407301703839601599254123 112384
33856779529132823 6995228341308773729411932364319608322178
230667064393616570868861385089572551479008479248 62422065038023070586377571483860002520045040347327076925073579
905525986501097467148518245053065519229079298956862623667384600373305225446 852938312771631112159701424960616021053522615
4154124498087168960077 9208015952106450
894601699 71857275200255361934775613849967142872312558006499878551846934660049291558559198297043
39343 41445387652509431450
9791887240504133020271136292519408787433583118410539872414885828 80854181033129346846781121909406483024427951808712302617839771539153595483693464895288
12503153236924337142729736214378650166609513968804276170711261226264026977563363093602 20384916478011270267013773809046096407246
74166324337200021387375084440737145897443193318446404924668661 67717891
547755422828962520284 18197201745125879017496012346386
9130224956446349019912366126758483626121987724745636065 6975643339977090288922669407582481966519416338358150536488259699807459512345
21303932532983692602071713070673713329572773154 216934207
288238591786625378026185448415965 10975884860246026408284761030699807
99042288226654 23101204475577237027662646015576886926685343186080867023634184994709
510363243053945174645507644650532760085312906435801673330915 6604394591923021489380176
13315229516127251274873376442868421145116949686925413940597993757173 105591670274735022303092590
86673187759123951105408492282509378906804716204326886835176346375386266639462014624409 8168504002588776525209223160569786556258427406078799743
822742507281 87726142310331276667185502705534218042286539858514224997269922565
68106835705211668675046980466038970553323066454232936544500316325390645 653010433648412863126958699674311912955321362870
19109718584195027984425807698912022193974485108996360960842853356767174734254046894800114391646 32425382954617077116239594400187341881076638357381124074446655589667
244 440
295611695254009608288064728348797259610 1557676475653939859108997358980367024983448933019051
1999 11006688047883282823135647266466787345149149488760205989637495163097723837886
4816305480149975276248534532311992644104318 40675337034571016146262
5668970239982807277678283821206764581726617099037716547049470068628010603504708691255172119335309 8234838652382974341523854112433856351137565074419783360791156741399722479178531419767856
384819706932843829145455035696336938020733927502438183688140895 2096137070110614242447036298213032746465486669093430455294037341817654114980
3374312831557401582569970360343580131326793433 494940058006353603646970769225596980087017
43256095187879 1947907929899189723999906094085279969863764892866156246967565003991089377966342979795481139939441
57986065327397094676037969330293113810352202103690493 78223547679717
94564986265506036261909608317441 217415351003717355575435488334436
99560576203858525973583838286585431710330 63888239284024526382458785098616914840760484838766103902503566288862050318703699402014
674336316959672851009904146288147590324139207404807717323963997 2699113354573270077786329202401080902459906243242942596638870289299644536373
10154942581651050251 9176642
25837 7788258316411568679655071986913303449270824292079234954062765297632
77631825124551417571456675229901796 19960327852127
56193946838107819791239 69143057330279
5051239528430823957252185234391317542496561566851579917750382723499859605761568947838723 86223659759265334162941319926356198476543679324850246309411049968
6502889923328545177130234142247099207499753807526439475019553455395036 33153250414930882177631184157611938473435040228547220640
295927411148410813298692998521492985626032894877327188 5994615018215063015
99074266362456174304519692617729848296022267176536980049232126021060694 530840413323520463787501617896202506540092345311
275482782665880857559494148288216756124411199106053913329349281088 7913524635932907820440
411239121278635184526506920440743089291330313831586158750015001509441 29473601948909409109271486
71101504307266387886117680099792124494837773514512323104313204438177572252823276630261694 12478859545379019443420724330471640725699348569415077042495635929993654519667720547441600
5778887144527605478442499551892481260176538310858824363431710979 31532390803103704157903210620313786937937450040
63686818630263 571809048698651008568360235254861963067938713025193930175992390696993908909503013638865354
87853868976878391616244009586282197475584363123584100600758 99
2846701745308533575573790204119396086352802785234793265 71594608760743274413295655797562813376362539076419740526
898347472337182472159468073233505459118544252611048984891336918453 38433097735845447397420919093730596025999405240991653874876371440252764634
146274 502670436342764413152616112759151518873409886427752915746912
52202086607483032786921860004063483 183544204809200912090290627965556022655157279280692733705694469074431966795634
717866823087699335945524 4820210749
96506394480049416953775117056783334183834830993588077580406084630078 8531383206906286986494691221491045395735356074864423992037388405134700265884462905416939667419923
864134171712086147765352653189257892501683801 93840416934475460068985121151188564707301068516732643355572880857259
130818995443877542262381075777860063853417716 9708181662967635617781554971987579699777163036798586641250561428589479105500302150936372
668253267958935239252984247182311138464370395918036 32686277122435711554577428730015473291125568061318988822795716
28151276766927257145068985814399106436022844769405022012713142355990 51271838733785125442506049798994243427292780215
54310589479575839476890692017081414682730609 882
8130110311311473853128319259684719020071305444950382113250238629523741871328015063406023046120093 4697770290225290996919987028323902679800923472563154364097829331619591683132
583526279369773089196204167680878143082118087505635567 99
24933067586997 2086703448928011965118398884973891674938020841149972901709319798077
148448170781420640653762873749576430240410573837814301688174233877111 885352636537298578506921310243371007392168089036986708051077324537488894
5708519109206523355920888699 379871824946068610965760748637567664946542148932120796973758704
808664297999230449628578057011931029440350475541626775771474798092958004253929183970 647707278279474494839423352761918908846685522173578711078465658640425003658067646438737603380347
901069741639094393861014829295 5076237298820024539321435477982419035774757951304
162236907041161610450149955120786129842746972235593517623337517140344528317830302 2754479908535685121841278031333218875967711201033320547362496939716422296548
61733493855471402 448863261929560856205503060422686765203395263440282034361525703671191
9180 6574759993474992795597680255535182788679028617808
9338573026855235292114188060928671 8
4558315660072299599679509391024109932618626167236193245205529939055 5
40011805266120892 44926075142861381
776464784797768129990320133168288044444113019821733995928366385111575987 68047266896965160724875193862937
96803811796057073878181946805859451954023950850159167573385863 72834484835563066758343396156986380740435
651918694227280779732550076555582804983318 2382253917669665313995919805333583909212098964717029520522265715037158378496069862936188424196709
3596537333231 6240451075193014541239786021272908
326 8894305871997065669707119135773472814591800508386259180095785222725
85067786064533814111816361086 4
30 8870608072653066370006
697648868886886504266940642825094779767545143016434148105587008486572238962565138565595046046 78646488968505456963518481861251218876965747403091544384661906129919707491231752806454022
29471580307711944817613280304649886946976867983666359897020714692288097694514070627 6074314028613011029843
2541369066417912975299413397862918064963 23454693548732877067616098648595032411998763142069
17316174861826439427301775734766410257834048801766508875569237809024819435 616502374253730855657560143
18 6147181935682981667234857409487613552847325846
5047643383244205582986841647 6596543388672018245048946089626076
117805746120790372762658028086607609103917009058224600414414074836976369269 1940196896422956952989975465826213454053918103028239346902617430777192786526020966802613176
9818647038600514722504885394976889865 48155152419665805768607687495252068795949105895381344222184609017
4602535234784118551969342445355237402925593906071399 74369034596081012280321603546433991
62661844878268500303962325218223709086463201371314802254907841331339197 62785590650885524524238553144020210960147225700354897654961565716823047
155458998984635 242090370600009844381392203866602033080
5463469097256699975758163481718056513424361120020815633194265282936498024268262244027536985603919 370583101947292696560368020432509557069184103584130186991054425572501439041599914244063180822572
6097994053166581097525607056451050859476793661762445127023698993990138739 79546482833015461541592603003395241080285788254500872142642193937038276865882352
77741 30391
568963823491416162561423248177915921203565926532990154670407398812954530022676197 5
584824666669184537 7392190409824800
96025916783251774086 88650052036629978257089826586541308523749513420467197079649394646711
115842266938810727122080667790751458684370373347051479538227214650628077204530567 42487962356402928301095233858
788267002666817011243108656132390128028207 8887810084304950002392613661868878652680212617817278532028126233211699
7003917836701905948 561102291375588179884655765359327650079306166976074451
177482888480394475246126062594983923121281222680324958554025413927269680724214246861638230791086 932892086407024620983729798117
7111319182984579569062931 165755986030158348095962880083482959668361596332333921300330878285241099340
34368401731261051358791792253456905945038456771126998189 91465156107758064721562944927930209016656423459024390894289994124226803647
2 6055445252633557672190995662685912578214679944921332334
42929831322836427682715040596528712906250436208087450176128790782072809845495515 2504870018901983185986
163634371510232543754605676436854437074427472848125 705362006801264993536475679781261809021602740439902541228299527
380309 74
822624090423464316308491890158191575086020566020870711812057869136634348397219 90647987129607419777342748810004280100033915656745579764577798318420423714299076
771039716612916122552806717475832256149920111943411691264 4346391749808020353597900593977323162238148
619756645842974767108943336938561638502008507194806800355069015198040471543252654 65
91097910422548715869304779215866277188252609472 9881308179516572769159504123
97151559850367851843 892616751468483551636664561765276437324671511866149907385772
3955 18737462572354963239086728629178243119388743
87528726654496686049150648501930814608275814494299324300160456637019136638307729863316552899484385 61098393380891654911
46454084538546051633654200312883649249894668263349706346489687941085266634 4522171097345744
77869631290557389653642100144860548702833889737 79427841142512230817957496483872914
582728042340731217194144073130568740747901275598537941350684730736003723862531 68627160869826455715942393910356310146343235092864370812103358992026671126945123
58410 645096208244027
63804332962572419635853220549905207633049218652645122774920010753536 44396495
56840137741852027591497705300 333520653528725159109260153693788240225690664309212350466925213049381041029579602057115700443
690800431738446677268527641070771754897180 857734452414198498775840241270485
8706079608759546043279397535073146943013080936851170221986703038624945545760 445572597615285889653248814390436183655336854552419046847496551379
7 289
4412886882486347095154329187185048248828286021842377901849559253090902723637931188171455622 447148158531016709837946011773947853689564865465548455056
86195978879333328785444801877104733252230285517607142724821733127744987905 28846827467807215558745385154421
5828766466289954 52057808564906166564320904795465660572428048776534966288878424180147302
22950585673052920546658798210538953024581016208473038129962117 112416885188738897100134020433144607217928723702434647269204630293246938
220255793 17678095837142588449671896363507484486171905356212171460019669327975784
463147368074 8
48389838 5047007253787415424026724236264280101828416178912324119644462800910205
3874887041753839277468679891315295683509775258196854633822953772452913 400428
9035620 50239868712532
58952997 5207028240560440575015923095902144959793741886855566070579281696283152758839634102929998018
701835672152661112154575456540640725482819176489896243801677631835374765695433535261562849525 50825782550607162534142980308554738228684646384837464852102959
84672278017691441005979074943288867104917899233356043941535986962893216195 5106652605866304402384389715902942500792578100752901641512324520
509244927157678984390635980300432556961986663654105399889839175350249 95793340181146054064575521053646237761792036633
87184815880528957639631689 634795
511680417618394982411206545594047115358240099789920062828699 9937242823083392081923215033624637554058368617017322643176630023970376324185906630895322907
8421578313721232 2050077499509720341822355078212430557218498563599903338068
935452144320435063174319999571786241485138173971208869 3798489196439035
67306 1103981978052863729342
436286817066077777498147362 389834682483391298995936
440979980246283146050140011488814823011057886190015021233593376088389504282023024847192641100700550 40015957190558141280991129146853154661372548382703792006931826133
2869126174564836366152256 169452640574102758264890607853471537993072602889927506789676133317228545
7116208 670868
73639948186834742850380350 34017863155738509866487200003726127024639325107283951673873
87895029870105502705678441236503305027116326978351138985308160710233944578486423556 56611793500824173710626581918496067259701903313886048716029881797434524616267547
903583704611787223489743538 2027341826820633331776357011761863529822506782315683210934020
998198515893618074026245788212401230383885356155557392992913 7554087392377744099679963055981266967618847632243320437764575601499170156930176638
2659207789820767974880019682650917139837711917627205227 785662
7398273167358232 85550724890417262167008871374695440444823864710047957736
977423137577718577689178866327276218543591484241201138014858595339113563821475798101105680651205 4284949981558448552777589152
4687193202357492459648 39
429608406799091569 2536222608794033832230029231792965599771750475958191315330
380855944674308257741974059455773778464842482429205513110177646213271786126578410081595522217930478 54625800787817622879
2194699497051861039720405884998327799 25855665276593910080850933212323828587126705299297302596019243745626538128740
57410938169532379197648766638440283496425378705817671470233109349680542099862565225 48261714707
9110732 642260944390218389981612
7 526893331345704027878066149454917828153208898492209007831798290174101421422294614736411581420659069
3 958607060643404664729984001134499271180166436094786696296301960
1228266009 13812808762856085716091293854173676868855042862653454583181518075673559265661827494844
85263260134895272033082477 631796413969994573012216816285138507141639748207720071874
5137987913208195117011010317971486196187609539262963086137034174904514587450579865386299922651 5526051538200779757143354497250524140405448515413349674136061215749991635
12707046932288441676 6466373859943660806759937509297933683
5 78466084254765251263
1590441324182700327793329467981363627752360751885587111277968 9146763735218069064741872242220566332625
625 635072713455199596159798962444187616109667378338965937933
47986714016885273501499526 451759660251963563280533902874642717905140238705023109499
82704643548881149064110419028816 587743029909033140873814916999519485999800
2331538831222013997055656538730376429513655189670387 3627186936404854387234315917315479309993835240890714
91409936525837820887248138854214476582334027722900744759766480047616041553 147647814409475036032026820977522286279611578302927329
5221975316133296376206618363565907096658463793520162945881157649649426462853338 16476126957455043450914764597092669473089944740206297793
1166322599097911585606257128754480025376277298368941786600597936230969 31623718619026103100209563062959032535316311143474696842150667562735488310636994563
83755332117844523865411 125109269846399800516168
492717088273981366454571833649201684302422730087634102487941182242694858222 920495825285001111557917312447611852636387907210695386249505486761027685575218479910736706264142
994 66023454935865611527903046523478372817402018590944856283035392321533475776755961369207500059384
318677654334969751826847642488070839594129536511696390256426423609570283368911370122349081653 9151941356617628111243784796641877163498181865877911481980544822
91921203268137068542422189923973095315643758454521785914038326725458242537675049318 53953239418882676
759046 495623775437924104142014251156777
68095442468783825932303451350782713257715783095801233591946934335673546027348148463 944050663106884340044709
5594080695651981890226442 812087538957
3675096375319154445646621437350138939576229144581367 6410959220650511287426562363853794909133311
74023441 335611484388380633946428822389604185234664714778264
3901450312730473042413903949352074 81044363887648064393524948580244568906
81619874189634892394739209328525696875413378 9571068907126444181077872488778756074
87086742854043018416214162359425136722007634937789522250485320163735157130536206360 805565108136621337242595148776736482914927501735661813447214009648831534486650138421765608108
1287432083640674636714476208236674618018384663036827477099844422083017865223546441188009083 746856457166808183029158168089
94320900066086361381641729000666018208426225961012388470 8726504525045472719872014694086868711193
7456848747958619038724797826317353939924739592525399988673324051576568931013265916 20416341684391056757297321993254295130410042259845866708917444085510761088205
9897 2672711177153973657635060271088748141558293582169
6571790828 394808956785355583780238509701592193090860318096565600673543994104623701953774630112
264325467625974114761609122246334086545407015436022484326660405803559029921686218658000 76782931986678
22061802679699988 180743841449339757837214376586564558935089232309012755412263819485590000943396
86861475838860357047068123411820439796202380537232950965326401766835487836181807212311043 4069947
548223831243964317 51100461329324726157569918761938078036288111783301079181159544351376995926295855972892907052507
934684068216785426547628343631994674003024715457032816842105226986506808399046749140727 65968157112193478388765487006
90940297 92271530398187825555225026438624864019068177861538270975540
320982285986856 57125598593033857178101952830597429270
4374851589601716911172036155250307004183245318120439662270895058758 5666101630872411195565383331281668270666663004313872620983203369319475051351085582946
8 4577137468033086657834528585421998622578374
548046581998843254342680385244290296847 546040567193673602158797828423149773941
52406020378178916539700695656531991593733642653208298 96904589010026185633259702006910502973084109917482
7709901592 953042370080992632012914024104489905
346465303723072112663629430402058694135627926168526188041301718598931695697 62528781781396433518610946992077229228316758313786748742632031775709733508
8839503507962187465255120471437512482854752281937474186453718472832038513733046915 44698155251
1502807136669158422883 6984446535
915620519424288467856800468818311974945889419575271081329122183393907418571620148458780695903 154944907775837054019899150662118502193982686393794883991977200073484993253812104514
9202922249589901428809 9326830935359571732444345085885037732955581430806242606304904607592717486721022858030692202
673690776536046484194512644682239700797550177717336900164 422168230329076393085948838856428846689811020651070766749746389375953047149104523511108
6 8210787632699938364809521829021164144808399203339739
208899022674014317412445852361221000103482013645606842349 18792924958184224352908986521019098
480763705960599790886098 880584512589161650721800908708568717178346472840832134124215283055764700468842847350795216
627097934140741269654272326415169889774280484502787127559110828837926547695 1675374501073493234083119758365554282752889320744172405573621
66250924003346210584900783304623450442863407048208819089531224589535734294210230342 942308642090165759180722967091438880
28551916887188802979983523425271356449229038038227346890352882117753875890615659413295250658879 266076757939414455997
7509 9865853829879728234810729263764263748350239101146629822748236672979
89478871948769501461817792861685 32262172571479405344
935918793547361008042939984548952675565031069190996409519974781148717420729658869409570569 467092163027099966943013963211327137565868887903690901419
1193828774372153053634826980085196790577227634951 31499850751734891729411689
596301229848577825053249378471980513667861819603108645672631729083561247530 71094281659695914426271003771285307
201297169213797617764478 85172109131132727076262359126902629839945278670579115442584195659552748286045204
1870 55
5924410 4577395190610143743968036951
473059900009322981312 992
3200137632545867990100451672949562595461937414105336371660 97
434929 8022408542897373319910682018939242702776957717268
933973052676295213994783055637372862399556395 216207896293757686982111288927438
705087025711872615858837031316249877591064463635230015748092726605554983329784427421115026218 89864625659858892398509971333446324906564669670809871968194638282803571930
521729458349206880829876597097189273339265315115 79730795868759764407711487738802795764540337404066
5105870952141740394640302719515245934 54135754170216839969274349710252885652299213828014133787678925103861390213725646251621519421931
2669692984548375750801745868 41127815936701487164662892342144
41518 5746780753311959074405869672382257847022375690598060768925186401
100045791 516818618227590556599
477546655835941323710617284171818782559253967211682853671001202270 847874381014393578157489729168432141870903332819847585687593339875152362618
7005783443303858935472700172974074564109459746832589859088488885 544956012916699849946055113923477
9798909788884871608119601060971 56247434334
732130 6421431060976512257802342774007569602720929
7028828054453155801761154258337431434461906414016185520147990836099647750611 71385330561132140622630218916048496930906029455617
7134925551591286476090135917808122534219468508145946081593 175399543196134105039726626705042691748267892522045149904574000580854682583936352076066426
5094089767946339197594292054651260680657553308537287628036591829008163040372 72516602803160100590591453858782055837127656886837017
675962984753026494072 752432526264770970665989530958353718180808476695
85614144212578406597515993708571033649181550390 1419036140940614967508609251744905828742958931527489369486682073587653048954016074903151
92595292846906070209285488752603 5545030896914197496871482334267034639849432
571151098811453246504902318838558 785004017172799349731182978923713335936763932089272381870694165610115882397626743994273452981642
546361367546196030095716622071826684810784414239238912576093188766249427 780503447540719318938727361215123173438384577419504578225646178787042003470223393962714290007
1704224571515966455946597697527519931580843659494901760441493365 25852781317811973080607021176820537805159032341642922646984786739631246341506660075359947335201
1 91136753711632305906592976189046370977248423664376127334174171
1905652696 2728214341998062143374291143950144166702113910156783124239856081609491602296231821333779874772
5904396516351453588177085654050563192 8755008751251541526172445118
21777895769912753201694249357551850559325438805255 4357598
8518368117 25409489026769254362937323124520082930133701758306620554066430449
696746773476744962602489815204745611288757521 71969903091155315761875674349583879790191426059525804581926094483572501755550522224775869
82286880582 439000744161836915505044822882226248233859955546228823
98050308567900751926675 69393655455150165056056785953822953448903731979774391169676068476022014607924891222548428346313135
4991983382727973045872425 4485914135039521448441689673218158671084808752008962222381803838607807489475687
21374775598429248078777152051746875464243 10832
81029754259545254711235785719254378274891 648485986022710
333786481 5292619459967789953912157053636088449506593
1469 170107802398216052912561809267335367368529340145336504815051787435264246390316049901302009407341889
1053084690782133545505232532785082511192292627971723276642912 242695915356518335600249015207461942445190774
13015256381508261114779 2826564779886252543344737061753637595982080615061316981787062525276987105368187228037105033288
2828568397105059953695390941764648426 578200715703284733829915502566213035236808348712016220770958
601563841036413836928225147624747803287512254739353177901896460152493464 8892654107375498286677041634098108383995944603
9311015170601613463985499852416847960600882 445313603172377511115122384562786437890137686350481294654003201044
4880740395364785142763083389984762758097543113947325643 5841947611689696342775825160006102426389468347203671
7881901724986726983749669248355846156 94085142531360759571954734315099408914387715713882909572925625865878228299972451
26220446081868636154555440113706338 8740923081839985650312455151701395397617990891378
1847384757086637518300581638589785 8232109108937768068769499108
582103227228815695595181382384342664108842744215085515845096632018420515 601344962634110912597798860813505960376630263255426106102283765351500383
6959612254864204780337680738291686649084471813291526406490349609285383822124453807469 819363425564092577089656138895726
913698230178168166 2471371065855288879009309669845692841148823341449361491488362141525751
609913528143157932785191670307967970433349674580958599878801707416479906883554759720 4077080707
578791399847 43240449648848547872779
38234958318789527365024 817708615458
287796581 78675690629329154702860839796825602183347201217899176351251835518746
99030449359647908371329837773156089226271336048095229122011529247371991144741760483317539893 418645066170766832193626390479872658154783969564973237196136213678406196484651250896505
505231138411385423956484441415815558794 4378875
827 9871414140985656340299087829766454717324332907554783603388274131723665091481256826317
179512051387950064198686140239816789184234242258660528332378469259279893519754720795520088046971098 2904434190133848680860816988198208954383598802880169162
186168377812960068089800 39121173156862750001802402493499634763389187372674754115656118073679029159896273760383060772
986098219809973822456486015 430960572313413320805170930561156345612865127679760479662638064620182580193050946105063339155517857
425655265848929574065523911693865633171857769847263947431710216879318494182186023527 882663
840463547609532594841016052880957913369240315776151574170460677368616841092579 50445199113919695271641271196090354095906498679118472691731632689
1880631618520467829004389548487587550711 79573273465608495072967944463801750277543325197796903809465847133
5938461290981774276122929632948433209320519908336940332225511575005159112022955760795147611788480 69600943172829448529997026833636717821150553699471563495270564237132469535096953320669198266
4715184157657464897853994913613807527952737673 2559503499424058067504556485050215288737892317315265632470198141989774453806857376151
46206667548213898795552040302713565322096010319400977382414807173607 5269399810230318792326133409238355286399
9574545777500143266011732461314871247744 5969202490504248829465259796633359372721891437242388025994860315442646
63810254534559776756061635572439710035400976065630258343992335238333093183799455 902456067291026879278789070217777143049789083670719
9917939628634950039959428619698609394286341 757052177011983864825956306130345243450381591097489197037662996633978918387687447566
514853940379071366332128696480294679073000128486011354115755895454 8519731181587691167272248035619983088496564526632382708724485
5901742619263049377777749197 3582485348969442491788657428737606864591517651992291356010193853459121282147458787835456767052
8722862076924894777232909836197262478698592191560215606781310348705 77554675702306482660775090697755622200772125
5979166977936923685807096301870399226013738343701484293046143174117910485419709950 9918974110404713626023753464334827914345517
2772 89476221866137526871349621428354311935033968611428554436771616
4353888375258390367930808961787634934071518367496109289278548 11282532469553149202314118115719030513771938463395527250283864760711210403460791563200459755143
7468520076267315856993068502016585557556183816402211518588981669116072 48047
35256427475464540771308799936331886528487025 692669921090915741849413461363022201293394605371456319875921235755
3356937766814665655347790288087732527414125 90326092579693673472718994335
655746663571507441368569612169115801467924094750097865026455486166234928539125436332836501049857670 38315808272535174659681099777679420123052428037425583815902671736
7373718513375846349839298472079 628499473722
7153067188027446550312459721273100626347461126073026261 7654059350988547929
323037655993433956778573152344919232119600066581258025552786399434645807824684 521725570760619562246748551111793887536532795661088882657989050
8204079468026327105480100227282324733679673437149887029042790124797 2771564993342142261433225540359526793382718953199334876430687539400969332229568614191
6014790932148271796664735166254177776781095823294071446152 60933910890810980134284290653493
199917917217248683457553019145126148039873517577034702323237051665480667939898 4942744279406457335725503444434248633
51227806151177602348992353918180204194020359221477488924217255296637331 56769185870869023495949025390617504614111397409760475377139392162523166295
6133280938843 3821113
3914110379703903043806601714399301824051943454850342223516948808182500 19406066569983330501102183119117357975531642
12574876081310540019995648480688155745365696762963852338287467275041597268 9550415498828227
7162133822000075237786780603304 8122455407428605832610393918322354800562314374060341573876620076558714167517213269526025919
77647552631448663042761016926035829577960307185709196297101914418568284516244736655477 38749013199073838190559918672368454367999098392201489490259
96631290389308690823322915384902895116146 4761581406921056332456243371718804962224038133968406230688751752260604317140768720
2424421597935926559285471255580044486646531053600751398645296290661545190417808075104290711333611 66549664944
99981520891956438506068824860706696078050247890840 47655815715771963644146716637334211922595082378755161945728452895197368867316382818224
8544954585441327278839030953325 6017961678119656836665918873318619518
660656136693452652587685890990866923766446913378748408287497503318786340933482456227047009771212 8028
1504917465882142173044256758715068779637148652889186521 99917099896782374750480291058491484303202172320715955997294043303855197605869851656366017
4255632364126812718095933754 52805573008669129459759728275922424173475451484521408690439223665294531309467012162
4186128407026402832978881019213542156227141901106596586987830207644466190583623595153943648989 24309192217046401454903531142030681712033
57000454559203345596299901154334036191766789035795336449564217812523829597613 104667301269800802256660519592805291121269261462819575548797198817921179
745486571438837011919381712426790358928263276279580610791155035080 19513347001928825954068648
6911062308021423225930449423234247646098910054506290556498913569223844835 253503232488049051527441955331846309644184108005357213300136232072958588998900437368918921747
44613221312332990378487530399 96593947180403825748434429742969
602595300350809203769969608203516 4657059339158683345524132557063249046901139997553008411888786330235027430352227527380688
2281324059794749963635595573341261316811982386572865616174728046308909298448297403 3670964882051459358848486
332970681420370086572070684641807004082257406604353572550137527249650195035615242791966009953 39885588638
30587758877697784163140629279376546432339218996324839813953102757322758879688430915098 71362311104324002701507038108294322783893548948310683486418357992180771225
71601306904333880792182853278309469791483846125 8066341396587886478289873811058475209351211912569307586869185042593640961153331463133831
2456725280288414949287511094199 336228749977030444584257359888923646632559454
10686054403493336174027598045 975956561904465718637051901825515000856278814316191816918211062582579416290723552655
1297395764113176905179624009647266227993337864476913077 18954338212492
6836682442504499296849763124 188184952118560002153757946260898629236457525747954450444080262346270
2701486193648682200528753590795466804445729609 429374161621690469041405977157082219846910
2335239591119046046287364965186110 8550171480629685075451538724056812849009263151970638
1583189882276378416753041126917085695794933782 823198704036647467127998582872025366238653517454298188938316630366101096
63859267 94537680263212132451107138840724199159176527732177508233248310929035974726
69219917252610122064029295114845086980627888100326758879682096795685667565377530305214 9746932
6424281759246776183517802497772624343440364242852 405305554541723150624850396701143674151705897405497074224914020607234304093
4497194819202837817531281602295046777359291576257132252632 772678447283324692339254791975482842806526051520976811382400160644846699506670869441791
827 72558394215712304164625526700991357388009592922468043595
8586721672674654066324328698337005999079248703102954417478431154943 4519958873197152761159683947802953070057477184572889860366266472889886843783330741
86752949513594600444349600343182878262335695255311946828872380687615040539056787193985782123181 542749792927518527037606038348564958
40430150699737553793 5518457958440802052862799274287538395290256346563060441580928674603
8370126004302548999 7010896611986268506502104663772773974536624462423093206794264453
44140076439974179475382556129290607804579689096955704171703832195807 156334236043614223314829338810
64000 436302136361897
2247077925335481231454202492385000729 51497953765290734060904954171375637322690411414012124732141490153815274418571204418101317456581
841206501533570851884150815656590732395668236213514149123980569733984662585326679 5832077977636361467139814142713028445
78166650219549385440473692037 2823191743053724121761137951180
3902108425 3973297078317388661174208526263151702402
120327150992198370911640686801655609325336646673686960239831997689611374958517197 984009912024992975202717770509490892783216627036766259128298148127428941525449017852876698522566408
15761302441293 561779203960388893389622866985494881723119349149687661077668339717109430666501661647
3523568451383237415267554610687259507563693018979608473044024740922679168582379 351399895407893885375283051490645795876518218
8 535074599640806495184937889681436043612588888428258853633711875
19523322112750910084637569536137281514925200413513198064110 623641823217959103574006902544518003285728414626995525117681265065585
912058439484656944986558424476267664627587964771179944088435253031693642338018 725241840605322645734098443544379895199151885042735144108
518228470383192154 37212558988633
322294708892066850996775561010494916396397594491491080758852101713344983755396447745020028 75043198758707350246616398718191917228003073721955836685479498780424246756148265761
538122020046411898551263832460805817011238179478236652957414416997810143952099134791116859 8100219239372546558602524652704336658571520976833613877452924567144193
6683268522129094309757781302 56153905513936
120129998881184045596653702287660684894 3728024181887450374551
5090884478202812990667814271603104185754774967277445226875036568189874353969707673115994517386 1242036500571490063371275905411837032713980029148675714515276551486677965169393162654327844612
7547333071021537812447341723110174020327541804507 464690083504513225278144226898514973092544125549069093718
924866828765406873276068915099171779551559099777216812725245354423681736767856577160 854398035697957033629524103011296626421900996801385267877481522496258350369961202728535495548989504
7597504634808873422199199042527678629 21
946042686795185159676545196320136752110810320037926893502156 6691356766598011178217200724070
778635510421834738801008241966485260012284389952 453
4190208946485588916566483888115724954760609179982839499889690282879557510627818011163041122 261678723596560244065481707022250517499941697633261829992916151
61542683492 64550932053244872203710146173006473767172718327547819843752074832100
3411243909902896381 90828341462066171522731859914742944978034432169423616893986470666056069625931075
824863747475135815632983413497082460934 40143701870119143589459295095644678140258469304954819
555021487298893397293252992002510022283122011561482729130 73088481833684106231846985377771001
9245725135858165973503470702838052725258756894381653913285478395779414592391721009320 849306355834796447676940060922008961796401191757615401438622122130222172283579530093
13905250480612706200971423618066377 3029421256
14765470618998562353394937113380966726717508686011360956887445433206 59977983745080609369233617140420518238722450413579595876602847028063868103354603652341
43280221394152475822655200 1636070282703218382868882439969625532770963384323529527963979863518888894143675159001909419515976
57572725512663896717426931809077737121872051552143187782185282265997086 781768993401109610158376986804574840
30023225855933402518434908951813817452959462915368301712839910403369754711122860691874257169321677 654245357765
902476167752189876318963560310582021638625834941695493069293463768051816 2110153978564543838214182253281893020619675021624456
820385195246572660541057223784666816326142719108152457109799 47796861242761884868682356373366065843277664062470238565122471077783120
248585287582345781493481222 822619789200970424105344683725189652740862
593455408876906179085734153 5836940307925893719009296923278171078
3922624915118047851300138337 85934350512893275
737757097524804169997015947615241136145810302918 22753034603765479950518711732031338631224592359254
82706638791220873297819160317744115700871993191510 691420451145869559738959268
586310516330900715304803398093313945116861064035588978528 42788029691851491233688669576851042056015310489704083051108085110537
9662920 810511838178079502765471547752953907202029146297495132208273461981604936042963822338588626984074
98706768621466 6145921302175119789607367200866882595837246758848709465186282082332037763439425
1162992532 2414768705688239655993277161803864431203781514
72817184465388345798911604310004497105744294329898682962323345894526323942375474535723975430911 5852375440035411968812789311542150507353357090316297698749916121
6338683585538479338135326931291526484764419257212225 177663702064604290
978962297546242171191959913923581597828573117646787172275689957207089858391256844553982762657 808128224063100994562982158635375107240648
21797389261531167764084236894174454202120593631509008633232672017637871822305567488443768 4454671300193235543020720163944109566
8810354808112404412006438304 48438731272475599736976150535789642
68552937747483371733268148782410466689353293751026362479479633779359404936521635 963600749732009154197700554639376648915800320267
466882440746524125496799913782660570915901753285737 206418898257524515237
7843648398942923840513174617370874438280104598894866175856515513258287 9196804609687082850586301779958289060742830530936904756824041082
20752784237365389048984125107318383763406144674798707111952683643119 87220668538415707848364213644961983962815678
2055803524000626714 32070328122732203330770086466719938090824098540
9081281048611716517719221295296814235 939321614395068202341092673296752984277606325165692711070322217407044706451997
784014040262358648095371880789479973577515950734735363453741890788037711428401194821398784063133169 6521049662767800190094170433594746941017305286227227836879
88257398527853259476805752753192239960723628 95301390369006540782
69703285202824136605623483365558658997729901315997659010568324101200192084347 8567447459
3483 38420739150684391065651343729559421496601682221347923259531789643812474853077103015542
988697025341019569432783850475836615318074277 5531985668739116162070300676854129410006870903829226276436331955816816
193621034298175 83806771710628564402812176289136519306779952708360762171
3934507457327232635761768177391484156821856591984453629648397 85706
852520231116669418078568235200395549583616275336353211054796 2253715290116
974721244369849621271325326612621223448006000164482526171932116268825825425551902354 4833
61956546 3142686352672809440792765741489413872
388427743341388137574560608544715887571807155279126 402764748
7910669071707544468230639123166378566465856500168984277101418257 5239914772293363467654956376845069952641861319787443140997593202319674782
810295848447644596510736695616079090704541407866730725594075873804094571811529393565 53643624354514581299526740695468732394941305973114268962141818603934528970
39005493556619529132288 8379093194119802370092531866174903023344975
82955147888666931054089523491479984491191177873178788730202341239970001148045555 1234187489952281383304642888455288618357452692922273639130175695487232109580802221516720
82910597941161853658199806548277788939656782069456266348903942731726901501708963 3091452557529472121024726754637148503951625562004129503198754688
6825988466868593645984079447483287998954 84261197766708592996720890779337956287964734686075777978148191009827615019679299788
2791521851936717430307347445225795869176360151 2071570817455682399289355837991218367378316886017055110816635
4782431463261894610323604287774562906172491580961193455176863512732549081159167408966473282835 32848440471164850039695658498
2152198145453058074165720789596301742678346743771387971141390 44222
243389242215524615866176229447861391446969433905683 390132278076336772368431021581032075512510273042
325435672682215962017431381903015551330528041550753616864956550237561513639704991265861459324 7770233878407333327582645024369838962441303236669349706228
9860676022152777356400472024094671638462677047804445682806405974250 306583490190836395795438127642672241782921904635326069884760029443734936046621355984184
57627082036 1622100334195956993511350632689553964019440155856307462627986053359952917122729560326790588383610
8128831323289432201271029602675497293527977010443782097977455 496947490109932198
819 28955502
956815038941170069779550027253459032835641961987174241463188436531835591989007936 250416727882647
647068958157412148208 796612091406402219
308651035213290530457411753048519596799233 572838093766833459400369950194473858668154769024267223230249807294050
366459621 793447842430524677397274911093322
76828360005672971447589 4728176254082563760344535993474178
8721251627103139502314873280293 89513229511544060105245287009239390634585632348370095535465589
879544493736331043218564139146466322061357110414755713149263122 56416221994028465142495987
896772856387428604575910061940541349726 875027088657249475761
30629368843860160720189756 7383684405763708689951691872559289577117715286164251
192019723511482871954915877312931135 90768994922933475743638768191646945734146632
846693982785792361710253749261277037537025594752043071465 10164045432902158317068490326972200
1177669896848646695828547760741488346327112996557332308296290538582117150349126971322141790945 60423796299901382205646255184854017518230
949963139512265233873961253856251469793946195818217734851136 78312201150823792076263524037497258671788082551760507151575416251238539437685083053960117881406840
3768748248754 760274952224
51806666314755629891085149483584864643296 96152642562336952787747615047007833
8567023638818703664190090993425401305689682572831460461450925665815585463610915251299356558014 818478934206417935254102059880554303196548309324849481689587834464996
460275423130156144932398167124860088650183190006411661487311717037892030541843485 663921654957651332855822208559235640907692
140278949 9612589434118300181328381579520
217431 5958880819051009157321311959382
1078089906206444376420515 24596486489200285479832798015362033603
66666041432566284492884819634178 754651926493013762
25464090479325108 747730745629582228639998823543677340536001979302387378370656135869035957044106537284
538110470283 13220487583122
484333645015400152368 3562876348225578325352973037516862061695710287211769956471224
5211500274214238526 33238
141073404107393627057594038319935252613225157439437196719 562757482965487925868822
91363125075679535942187 1489706358813130325025770734014162154709782227359853531724246852089489559901
2734117281825401821769837827100805316255437980282461366041781961514149805895 8232895
34233065980243842812060494210594939365853070564767963104827006492348845464422019915248822642 6846386251818430651589947791334040870515
285291908917685520080489486546735476 5986004609321602003691259104772581293675718870291782027037606985206783256055307675887702464072
43809175351858425222146510803727100217772 1570025469615346141
427860837043065421017373756 3678417578317370537979296581338795737584517276520249168018161930536486830877421655663667
269996250211719403742418056921970069906929293163737971 2965007977268164293506662511
7300100828764772191664530904054504517611607276407874249439 2563099608449
16242440 3847712698548464440062768133573950641122979717483481958963220837013325513614352713828827161344045
915143409156386787178884426102003739389294044643550651025635857333263404009585040006328903618443 7912316537022085303623726436002993347992924324874168431296996107631553845479989595460
459120219554084431440237301110036940261146744419574719460881086 590619045649382459022089
25771563404469201703455499688847334493053499432534070719707784549980205756910185702 38595582449849843921680703550570551201748642558942221491969138393414880657022038
941970784077122362390060582085881991269688501957188114364662162581609588650755665508 53489
5958786983989506055820813471524049037657045115032545548085260664577452259990796940614613439 89786453005794611573171248
4786976723043734206575095 4192766764830575839575773569774113581159534712
84449433104878 4837949436096111095656091115283496102247167790811587108549
2608438965673563664914645499325387342430107655931634019580614362029 4825145720972508747520154529768442059541530981885737962416314358575620703814192897
1145078425583245247849470859540854574326176 91316994300208923321087822093979203894244284076500739611832442362654090649166929094155450
5152337967 1219597518722099459365418075134177237208073592439496
9776591909952674673942495356942149718101016473862177518 65396919327430
5824874417182564213816841714780982569920861019651232838121511500778881169282357492898910064246 8342
8516798065758756688942181747961712304422910997 255661072146864057
68411633520195966958124108375874846901253 5849728906223341719705541744107604586376210544837908582859361241621570391466
6864612029957092486533663729536915396 6108375579957781366297044979487398
280401978983848728189095888789269409529637914708738837315116252294166022045 13641129713886149661714497617273659761852340075943
5678369088545434549975293987200198924054 90945402804856785879000989240781997648148525326
290522316933064941342049292452611963127712219635989383 9146708412375494337768513504889313913856004765290189930480091924235612432838
46877 1185185014468836161581897586563691102815271257993041140111789248
4051591918607921267570668704561 46894703189360694499397904161887686068
1424686145276086603803761599328 6918716881157346161966649139689072066654
38354437693263694473468434208109 337690452700289629295050680412517287524916964029968565725887268088
1364070684571549124622348269056315932990550606638202459595623254769278425 91839131365952828073732324039585668502650347
56591324870101687477991741090842513645252364443382171447868852226580337563207565974 23091702424602615902544831410354664054498871032534
7402645690188785324323457822322373739219329317961505962875007256739751805769675727434711413340 9331012830599164012748661096556792993308378496917304362681247038227769817
4479222658819153056801899770456425647822625530068940221 621168010596370752318534
45639750138169857128102610 866939692599504613718433263526754667537908088441712
8323697465841816727525591684061093572331847929893546295373992093651004388 292271547368817407638995295933965284559397199939814633255760366806453382122217
187411189084664828382405647940058912140241627202060422 5090931101235376747566798050673092087119532091885742431458
28462469898342533441103556216753511957836 480246782812377990585056144849648964732943172873941658582196
10664328262336422595364046133415474936754119074243779105019552021414202843842486753693 797244666819452646142380977556085911498291
1622 76869861538028990214116120706150736924090002091034447379342269254948548568779172748576
2040976480237013080910194063825030149987932853 36445569609437719212821793231775312188079114005948430501845234995105022134556361304486780403802314
33419266559853439421846749285312785 702477374848782086753881
970237473369307705727514342376413566425981 4126043990405949235741429075958062867156318014057743886003720526804731364377793467978578060014814
35362859542102190880941185212601459644510 4312404494
773395777014070632757073217373932481150852579544 619636159997482642969966114398781774589790630015201127931
8360457028219275596037369264393531696520542581033656583439160445705579535985 889666225560696752222970053543171237869538529495637157
3838168201189365337498983990828023039871209137681532340 1399137352403474686833626479719871886744004342812415799638530619997673273608001244043907072053955
4451713744060484006705101418911378671245674832532102734087891158915032811204658980374 97297308819282500
918066166542734610718012838939270096814588952415606607992905844856657025122583 64660669788768226982473726941701369327508594418027574069655745071126998757311133082788
5351958093802699620754284553531167272303883072036222860337892920668190470007222 846353588467679866877837937889195720278116096292089784
3388297089038161962581709808367305146845970986072253323515342292008603312302929464 499460016245447227760992114350941088081825561214100121552907123524554637495518159163528
277122369835409377668172007486993606064967709659547474876536356738544 85392301196562
748775141081528671726837994629845922437735809668940643535217 2238150709456457346206842697816131967139395932768
1314776657262678391220935222295336704571 210477428572766300730265057414658627560447635466751999604367045827783749623291087178230887683
3066530524843161090915994872401207862014410026355646158565006126024427980 60586052443121791954346580981081031836090614904229655416424622
12338651465389501366794338163231486561609138380618407941759284344091151197147101041957255373917439 6648957095416689537082567596925602607427968748622520776647339010282024913907869223213187833034284
981930910822287310308830202248239322545628066999959035077593316269725209205004911115844594 8277748463882187303525652696382332026884162592235889564746
80 9923301145082927495480059416176490920046766251920469674537374035228544120067159198257620559272704
19 751019160358727468119312118
2084195201558532398322263496594494133876023088519362780051602262777264087407450416884 29937152871763314380474170238190293129308405856496453862995924045
5410 25085
2723274095166326902508621351917801440041589112012484466691784796030157405438659 41966524763720691194688832240
3358903379671932274632648182177602613 16203944566402730331155121359509149665012654049
2417122269239363459072469084014265270628563491956174312320942388027289 8575187145231773214156636965
16241330696049813029477033 71857511245773854244476680653984099962187854
37851258038 293798789974051037188985000034195474465452079374015003726859460909578235633662283785158953891
728000357605237087048827377509 131541879541284193817891750400693
81372033410523442235007629224074323546889832398743444126058777101475255161590394730153778 447579716433
81211608338601501360949877231402525905951713175402518695440780965777463536163 31688784948347377946610266839
27467442302870169105935203252830888722975452468370093535150354554338845 380726776775058865
6 7780
40755652049808571079849866766997274750256358215334420326913804723128346991734460024066979479 54448643203142589381622401395115759734156680059919194534
6597074247854434540631560115613463172518496839403469745959430 4773067775161111624205061942694673199878306740824446063369
41057378147645385301078233712450778405319205756518815631902168435286 519051727398481966266594537277080085168019059176792563919948667767
122723214172 61975914872631329644061296667500990601280653805989398739515475587547868845325914075048090
830727397197541822182035435530125317149058835919147552015599823557581619492185011986310 781063540291652513951474594425634752236457534988293532911676131527840687661051801356
8136741923809080746053253519116321 607119699690884491739380213045365078057138117856959889020347973672597413544222027127051285194483853
716058370561953468539676436 664325943072
7444903756926789307831545843179213806101815484516211 795092529542034644047505159792861493845712145521248908736817014
67594436591315563683319349465030999334013347 8153759388
52942441365907060651706475956885090544890303221586 558425230811542798470630973023601655198492748927086041049561
521175079918599969759262877418952369869770720648613552 83998079502312901838335711878498907716988322634
167014244120020019308402820177543276812325329343303343728757731 1709611138470043548883821578222502686999859053327337619088033483763552657555007930623
1825175663910176053754759931313798425183476403228606271184317808840550817469082042661909653353240 195589445445670038350415741387336086943687266460417568232581236166950249265824065731587037381917
7738856658067730198014742853525218005961787472783584960365849463483071371218 38986947751429845670422437169445555150
91811878448980317698044519861910012309 646054308267173545633026048288404020670409418782467069674694636158126386429229
6482679250626253267016860704875425804920904749167878656957536 49867006208
18505214 7719886445433234318513291798004306486320896111762824365634555
